#   Number of Rings in the model
84	
#	The cloud mode you are using
0
#	The base cloud surface density
10.
#	Central Position Switch (0=degrees, 1=arcsec), Inc/PA Unit switch (0=degrees, 1=arcsec), Velocity Units (0=m/s, 1=km/s), Brightness Units (0=Jy km/s arcsec^-2)
0	0	1	0
#	The parameters in each radial bin
#	Rmid	Rwidth	Xcent	Ycent			Inc	PA	VSys		VRot	VRad	Vvert	VDisp	dvdz	Sigma		z0	zGradStart
	1.25	2.5	277.67543	73.434828	45.0	135.0	1403.93164636	11.1	0.0	0.0	8.0	0.0	0.0002097	0.2574	1.2870000000000001
3.75	2.5	277.67543	73.434828	45.0	135.0	1403.93164636	31.57	0.0	0.0	8.0	0.0	0.00024245	0.2683	1.3415
6.25	2.5	277.67543	73.434828	45.0	135.0	1403.93164636	48.86	0.0	0.0	8.0	0.0	0.00027465	0.29055	1.45275
8.75	2.5	277.67543	73.434828	45.0	135.0	1403.93164636	63.49	0.0	0.0	8.0	0.0	0.0003062	0.31375	1.5687499999999999
11.25	2.5	277.67543	73.434828	45.0	135.0	1403.93164636	75.89	0.0	0.0	8.0	0.0	0.00033695000000000003	0.3379	1.6894999999999998
13.75	2.5	277.67543	73.434828	45.0	135.0	1403.93164636	86.42	0.0	0.0	8.0	0.0	0.00036665	0.36295	1.81475
16.25	2.5	277.67543	73.434828	45.0	135.0	1403.93164636	95.38	0.0	0.0	8.0	0.0	0.0003951	0.38885000000000003	1.9442500000000003
18.75	2.5	277.67543	73.434828	45.0	135.0	1403.93164636	103.0	0.0	0.0	8.0	0.0	0.00042205	0.4155	2.0774999999999997
21.25	2.5	277.67543	73.434828	45.0	135.0	1403.93164636	109.55	0.0	0.0	8.0	0.0	0.00044725	0.44289999999999996	2.2144999999999997
23.75	2.5	277.67543	73.434828	45.0	135.0	1403.93164636	115.19999999999999	0.0	0.0	8.0	0.0	0.0004705	0.47095	2.35475
26.25	2.5	277.67543	73.434828	45.0	135.0	1403.93164636	120.05	0.0	0.0	8.0	0.0	0.0004915	0.49955	2.49775
28.75	2.5	277.67543	73.434828	45.0	135.0	1403.93164636	124.25	0.0	0.0	8.0	0.0	0.00051	0.5287	2.6434999999999995
31.25	2.5	277.67543	73.434828	45.0	135.0	1403.93164636	127.9	0.0	0.0	8.0	0.0	0.0005258000000000001	0.5583	2.7915
33.75	2.5	277.67543	73.434828	45.0	135.0	1403.93164636	131.1	0.0	0.0	8.0	0.0	0.00053875	0.5883	2.9415000000000004
36.25	2.5	277.67543	73.434828	45.0	135.0	1403.93164636	133.89999999999998	0.0	0.0	8.0	0.0	0.0005486499999999999	0.61865	3.0932500000000003
38.75	2.5	277.67543	73.434828	45.0	135.0	1403.93164636	136.39999999999998	0.0	0.0	8.0	0.0	0.0005554	0.64925	3.24625
41.25	2.5	277.67543	73.434828	45.0	135.0	1403.93164636	138.64999999999998	0.0	0.0	8.0	0.0	0.000559	0.68005	3.40025
43.75	2.5	277.67543	73.434828	45.0	135.0	1403.93164636	140.64999999999998	0.0	0.0	8.0	0.0	0.0005593499999999999	0.7110000000000001	3.5550000000000006
46.25	2.5	277.67543	73.434828	45.0	135.0	1403.93164636	142.45	0.0	0.0	8.0	0.0	0.0005564999999999999	0.7420500000000001	3.7102500000000003
48.75	2.5	277.67543	73.434828	45.0	135.0	1403.93164636	144.10000000000002	0.0	0.0	8.0	0.0	0.0005505499999999999	0.77315	3.8657500000000002
51.25	2.5	277.67543	73.434828	45.0	135.0	1403.93164636	145.65	0.0	0.0	8.0	0.0	0.00054155	0.8043	4.0215
53.75	2.5	277.67543	73.434828	45.0	135.0	1403.93164636	147.05	0.0	0.0	8.0	0.0	0.0005296999999999999	0.83545	4.17725
56.25	2.5	277.67543	73.434828	45.0	135.0	1403.93164636	148.35	0.0	0.0	8.0	0.0	0.00051525	0.8665	4.3325000000000005
58.75	2.5	277.67543	73.434828	45.0	135.0	1403.93164636	149.6	0.0	0.0	8.0	0.0	0.00049845	0.8975	4.4875
61.25	2.5	277.67543	73.434828	45.0	135.0	1403.93164636	150.8	0.0	0.0	8.0	0.0	0.0004795	0.9284	4.642
63.75	2.5	277.67543	73.434828	45.0	135.0	1403.93164636	151.95	0.0	0.0	8.0	0.0	0.0004587	0.9591000000000001	4.7955000000000005
66.25	2.5	277.67543	73.434828	45.0	135.0	1403.93164636	153.0	0.0	0.0	8.0	0.0	0.0004364	0.9897	4.9485
68.75	2.5	277.67543	73.434828	45.0	135.0	1403.93164636	154.0	0.0	0.0	8.0	0.0	0.0004129	1.02	5.1
71.25	2.5	277.67543	73.434828	45.0	135.0	1403.93164636	155.0	0.0	0.0	8.0	0.0	0.00038855	1.0499999999999998	5.249999999999999
73.75	2.5	277.67543	73.434828	45.0	135.0	1403.93164636	156.0	0.0	0.0	8.0	0.0	0.0003636	1.08	5.4
76.25	2.5	277.67543	73.434828	45.0	135.0	1403.93164636	157.0	0.0	0.0	8.0	0.0	0.0003384	1.1099999999999999	5.549999999999999
78.75	2.5	277.67543	73.434828	45.0	135.0	1403.93164636	157.95	0.0	0.0	8.0	0.0	0.00031325	1.1395	5.6975
81.25	2.5	277.67543	73.434828	45.0	135.0	1403.93164636	158.85000000000002	0.0	0.0	8.0	0.0	0.00028835	1.169	5.845000000000001
83.75	2.5	277.67543	73.434828	45.0	135.0	1403.93164636	159.75	0.0	0.0	8.0	0.0	0.00026395	1.1985000000000001	5.992500000000001
86.25	2.5	277.67543	73.434828	45.0	135.0	1403.93164636	160.64999999999998	0.0	0.0	8.0	0.0	0.00024029999999999999	1.227	6.135000000000001
88.75	2.5	277.67543	73.434828	45.0	135.0	1403.93164636	161.55	0.0	0.0	8.0	0.0	0.0002176	1.2555	6.2775
91.25	2.5	277.67543	73.434828	45.0	135.0	1403.93164636	162.45	0.0	0.0	8.0	0.0	0.00019595000000000002	1.284	6.42
93.75	2.5	277.67543	73.434828	45.0	135.0	1403.93164636	163.35000000000002	0.0	0.0	8.0	0.0	0.00017549999999999998	1.312	6.5600000000000005
96.25	2.5	277.67543	73.434828	45.0	135.0	1403.93164636	164.2	0.0	0.0	8.0	0.0	0.00015634999999999998	1.34	6.7
98.75	2.5	277.67543	73.434828	45.0	135.0	1403.93164636	165.05	0.0	0.0	8.0	0.0	0.0001385	1.3675000000000002	6.8375
101.25	2.5	277.67543	73.434828	45.0	135.0	1403.93164636	165.95	0.0	0.0	8.0	0.0	0.00012200000000000001	1.3944999999999999	6.972499999999999
103.75	2.5	277.67543	73.434828	45.0	135.0	1403.93164636	166.8	0.0	0.0	8.0	0.0	0.000106905	1.4215	7.1075
106.25	2.5	277.67543	73.434828	45.0	135.0	1403.93164636	167.64999999999998	0.0	0.0	8.0	0.0	9.317e-05	1.4485000000000001	7.242500000000001
108.75	2.5	277.67543	73.434828	45.0	135.0	1403.93164636	168.5	0.0	0.0	8.0	0.0	8.0745e-05	1.475	7.375
111.25	2.5	277.67543	73.434828	45.0	135.0	1403.93164636	169.35000000000002	0.0	0.0	8.0	0.0	6.96e-05	1.501	7.504999999999999
113.75	2.5	277.67543	73.434828	45.0	135.0	1403.93164636	170.2	0.0	0.0	8.0	0.0	5.9665e-05	1.5270000000000001	7.635000000000001
116.25	2.5	277.67543	73.434828	45.0	135.0	1403.93164636	171.05	0.0	0.0	8.0	0.0	5.087e-05	1.553	7.765
118.75	2.5	277.67543	73.434828	45.0	135.0	1403.93164636	171.9	0.0	0.0	8.0	0.0	4.3135e-05	1.5790000000000002	7.895000000000001
121.25	2.5	277.67543	73.434828	45.0	135.0	1403.93164636	172.75	0.0	0.0	8.0	0.0	3.6375e-05	1.6045	8.0225
123.75	2.5	277.67543	73.434828	45.0	135.0	1403.93164636	173.6	0.0	0.0	8.0	0.0	3.0505e-05	1.6295	8.147499999999999
126.25	2.5	277.67543	73.434828	45.0	135.0	1403.93164636	174.45	0.0	0.0	8.0	0.0	2.544e-05	1.654	8.27
128.75	2.5	277.67543	73.434828	45.0	135.0	1403.93164636	175.3	0.0	0.0	8.0	0.0	2.1105000000000002e-05	1.6785	8.3925
131.25	2.5	277.67543	73.434828	45.0	135.0	1403.93164636	176.14999999999998	0.0	0.0	8.0	0.0	1.741e-05	1.703	8.515
133.75	2.5	277.67543	73.434828	45.0	135.0	1403.93164636	177.0	0.0	0.0	8.0	0.0	1.428e-05	1.727	8.635
136.25	2.5	277.67543	73.434828	45.0	135.0	1403.93164636	177.85000000000002	0.0	0.0	8.0	0.0	1.1655e-05	1.751	8.754999999999999
138.75	2.5	277.67543	73.434828	45.0	135.0	1403.93164636	178.7	0.0	0.0	8.0	0.0	9.4595e-06	1.775	8.875
141.25	2.5	277.67543	73.434828	45.0	135.0	1403.93164636	179.55	0.0	0.0	8.0	0.0	7.632e-06	1.7985	8.9925
143.75	2.5	277.67543	73.434828	45.0	135.0	1403.93164636	180.4	0.0	0.0	8.0	0.0	6.125e-06	1.8215	9.1075
146.25	2.5	277.67543	73.434828	45.0	135.0	1403.93164636	181.25	0.0	0.0	8.0	0.0	4.888500000000001e-06	1.8445	9.2225
148.75	2.5	277.67543	73.434828	45.0	135.0	1403.93164636	182.1	0.0	0.0	8.0	0.0	3.88e-06	1.8675000000000002	9.3375
151.25	2.5	277.67543	73.434828	45.0	135.0	1403.93164636	182.9	0.0	0.0	8.0	0.0	3.0625e-06	1.8900000000000001	9.450000000000001
153.75	2.5	277.67543	73.434828	45.0	135.0	1403.93164636	183.75	0.0	0.0	8.0	0.0	2.4035e-06	1.912	9.559999999999999
156.25	2.5	277.67543	73.434828	45.0	135.0	1403.93164636	184.6	0.0	0.0	8.0	0.0	1.876e-06	1.9344999999999999	9.6725
158.75	2.5	277.67543	73.434828	45.0	135.0	1403.93164636	185.45	0.0	0.0	8.0	0.0	1.456e-06	1.9565000000000001	9.7825
161.25	2.5	277.67543	73.434828	45.0	135.0	1403.93164636	186.3	0.0	0.0	8.0	0.0	1.12355e-06	1.9780000000000002	9.89
163.75	2.5	277.67543	73.434828	45.0	135.0	1403.93164636	187.14999999999998	0.0	0.0	8.0	0.0	8.622e-07	2.0	10.0
166.25	2.5	277.67543	73.434828	45.0	135.0	1403.93164636	188.0	0.0	0.0	8.0	0.0	6.5775e-07	2.0215	10.1075
168.75	2.5	277.67543	73.434828	45.0	135.0	1403.93164636	188.85000000000002	0.0	0.0	8.0	0.0	4.9885e-07	2.0425	10.2125
171.25	2.5	277.67543	73.434828	45.0	135.0	1403.93164636	189.7	0.0	0.0	8.0	0.0	3.761e-07	2.0635	10.317499999999999
173.75	2.5	277.67543	73.434828	45.0	135.0	1403.93164636	190.5	0.0	0.0	8.0	0.0	2.818e-07	2.0845000000000002	10.422500000000001
176.25	2.5	277.67543	73.434828	45.0	135.0	1403.93164636	191.35000000000002	0.0	0.0	8.0	0.0	2.0985e-07	2.1050000000000004	10.525000000000002
178.75	2.5	277.67543	73.434828	45.0	135.0	1403.93164636	192.2	0.0	0.0	8.0	0.0	1.5530000000000002e-07	2.1255	10.627500000000001
181.25	2.5	277.67543	73.434828	45.0	135.0	1403.93164636	193.05	0.0	0.0	8.0	0.0	1.14145e-07	2.146	10.73
183.75	2.5	277.67543	73.434828	45.0	135.0	1403.93164636	193.9	0.0	0.0	8.0	0.0	8.3315e-08	2.1660000000000004	10.830000000000002
186.25	2.5	277.67543	73.434828	45.0	135.0	1403.93164636	194.75	0.0	0.0	8.0	0.0	6.0365e-08	2.186	10.93
188.75	2.5	277.67543	73.434828	45.0	135.0	1403.93164636	195.6	0.0	0.0	8.0	0.0	4.339e-08	2.2055	11.0275
191.25	2.5	277.67543	73.434828	45.0	135.0	1403.93164636	196.45	0.0	0.0	8.0	0.0	3.092e-08	2.2249999999999996	11.124999999999998
193.75	2.5	277.67543	73.434828	45.0	135.0	1403.93164636	197.3	0.0	0.0	8.0	0.0	2.182e-08	2.2445	11.2225
196.25	2.5	277.67543	73.434828	45.0	135.0	1403.93164636	198.1	0.0	0.0	8.0	0.0	1.523e-08	2.2640000000000002	11.32
198.75	2.5	277.67543	73.434828	45.0	135.0	1403.93164636	198.95	0.0	0.0	8.0	0.0	1.04945e-08	2.2835	11.4175
201.25	2.5	277.67543	73.434828	45.0	135.0	1403.93164636	199.8	0.0	0.0	8.0	0.0	7.117e-09	2.302	11.51
203.75	2.5	277.67543	73.434828	45.0	135.0	1403.93164636	200.64999999999998	0.0	0.0	8.0	0.0	4.73e-09	2.3205	11.6025
206.25	2.5	277.67543	73.434828	45.0	135.0	1403.93164636	201.5	0.0	0.0	8.0	0.0	3.0599999999999998e-09	2.3395	11.697500000000002
208.75	2.5	277.67543	73.434828	45.0	135.0	1403.93164636	202.35000000000002	0.0	0.0	8.0	0.0	1.905e-09	2.358	11.790000000000001